1 -1.0 -1.0
2 -1.0 -1.0
3 -1.0 -1.0
4 -1.0 -1.0
5 0.034482758620689655 0.034482758620689655
6 0.034482758620689655 0.034482758620689655
7 -1.0 -1.0
8 -1.0 -1.0
9 -1.0 -1.0
10 -1.0 -1.0
11 0.0 1.0
12 0.3448275862068966 0.3448275862068966
13 0.3448275862068966 1.0
14 0.3448275862068966 1.0
15 0.39655172413793105 0.5
16 0.3448275862068966 1.0
17 0.07758620689655171 0.25
18 0.3448275862068966 1.0
19 0.39655172413793105 0.5
20 0.3448275862068966 1.0
21 0.08620689655172414 0.5
22 0.15517241379310343 0.5
23 -1.0 -1.0
24 0.06896551724137931 0.06896551724137931
25 0.2586206896551724 0.5
26 0.39655172413793105 0.5
27 0.13793103448275862 0.13793103448275862
28 -1.0 -1.0
29 0.13793103448275862 0.13793103448275862
30 0.034482758620689655 0.034482758620689655
31 0.10344827586206896 0.10344827586206896
32 -1.0 -1.0
33 0.10344827586206896 0.10344827586206896
